,Humano,Chimpance,Gorila,Raton,Gallina,Atun
Humano,0.00,0.00,0.00,8.57,12.38,19.23
Chimpance,0.00,0.00,0.00,8.57,12.38,19.23
Gorila,0.00,0.00,0.00,8.57,12.38,19.23
Raton,8.57,8.57,8.57,0.00,7.62,14.42
Gallina,12.38,12.38,12.38,7.62,0.00,15.38
Atun,19.23,19.23,19.23,14.42,15.38,0.00
