\begin{table}[h]
\centering
\small
\caption{Matriz de distancias (\%) calculada con BLAST de NCBI (\texttt{blastp} contra \texttt{nr}, simetrizada por mayor bit-score). $d_{ij} = 100 - \%\text{id}_{\text{HSP}}$.}
\begin{tabular}{lrrrrrr}
\toprule
 & Humano & Chimpance & Gorila & Raton & Gallina & Atun \\
\midrule
Humano & 0.0 & 0.0 & 0.0 & 8.6 & 12.4 & 19.2 \\
Chimpance & 0.0 & 0.0 & 0.0 & 8.6 & 12.4 & 19.2 \\
Gorila & 0.0 & 0.0 & 0.0 & 8.6 & 12.4 & 19.2 \\
Raton & 8.6 & 8.6 & 8.6 & 0.0 & 7.6 & 14.4 \\
Gallina & 12.4 & 12.4 & 12.4 & 7.6 & 0.0 & 15.4 \\
Atun & 19.2 & 19.2 & 19.2 & 14.4 & 15.4 & 0.0 \\
\bottomrule
\end{tabular}
\end{table}