,Humano,Chimpance,Gorila,Raton,Gallina,Atun
Humano,100.00,100.00,100.00,91.43,87.62,80.77
Chimpance,100.00,100.00,100.00,91.43,87.62,80.77
Gorila,100.00,100.00,100.00,91.43,87.62,80.77
Raton,91.43,91.43,91.43,100.00,92.38,85.58
Gallina,87.62,87.62,87.62,92.38,100.00,84.62
Atun,80.77,80.77,80.77,85.58,84.62,100.00
